1e+100 0.0223717 0.0233184 1.93404e-05 3.90963e-06 1.70621e-05 4.80537e-05 
0.0223717 1e+100 6.86155e-07 2.5397e-07 5.64775e-06 0.129216 0.0175711 
0.0233184 6.86155e-07 1e+100 2.79367e-08 7.04521e-06 1.73485e-06 0.229438 
1.93404e-05 2.5397e-07 2.79367e-08 1e+100 0.000359584 7.2407e-05 1.37003e-05 
3.90963e-06 5.64775e-06 7.04521e-06 0.000359584 1e+100 0.0219478 0.00277385 
1.70621e-05 0.129216 1.73485e-06 7.2407e-05 0.0219478 1e+100 0.000554701 
4.80537e-05 0.0175711 0.229438 1.37003e-05 0.00277385 0.000554701 1e+100 
