1e+100 0.0223575 0.0231331 5.31585e-06 2.48087e-07 0.000263033 0.000177902 
0.0223575 1e+100 1.00273e-05 2.85745e-06 2.18862e-06 0.128068 0.0169029 
0.0231331 1.00273e-05 1e+100 9.2086e-09 3.17556e-05 2.56268e-05 0.227875 
5.31585e-06 2.85745e-06 9.2086e-09 1e+100 0.000329735 2.78121e-05 9.57205e-07 
2.48087e-07 2.18862e-06 3.17556e-05 0.000329735 1e+100 0.0212879 0.00283655 
0.000263033 0.128068 2.56268e-05 2.78121e-05 0.0212879 1e+100 0.000431149 
0.000177902 0.0169029 0.227875 9.57205e-07 0.00283655 0.000431149 1e+100 
